func/room1/ahum: 1618825800945328896.000000  :  1618825800944052992.000000 50.000000
func/room2/ahum: 1618825800945393152.000000  :  1618825800944052992.000000 19.300000
